function y = T_4_5()
   y = [0 1 0 0;
        0 0 1 35.92;
        1 0 0 0;
        0 0 0 1];
end