function y = T_4_5()
   y = [-1 0 0 0;
        0 0 -1 -35.92;
        0 -1 0 0;
        0 0 0 1];
end